0 0.119403 0.807175 0.044776 0.049327
0 0.226119 0.570628 0.046269 0.056054
0 0.502239 0.521300 0.046269 0.042601
0 0.541045 0.623318 0.040299 0.049327
0 0.612687 0.520179 0.037313 0.049327
0 0.691045 0.294843 0.041791 0.051570
0 0.851493 0.471973 0.043284 0.047085
1 0.105970 0.911435 0.068657 0.141256
1 0.215672 0.681614 0.076119 0.165919
1 0.508955 0.623318 0.065672 0.134529
1 0.569403 0.709641 0.094030 0.145740
1 0.666418 0.598655 0.082090 0.116592
1 0.697761 0.409193 0.064179 0.145740
1 0.858955 0.594170 0.120896 0.170404
