0 0.302148 0.350938 0.045703 0.052814
0 0.408984 0.352675 0.043750 0.053509
0 0.521680 0.351286 0.031641 0.046560
0 0.570312 0.380820 0.044531 0.076442
0 0.653125 0.363794 0.044531 0.081306
0 0.750195 0.350938 0.041797 0.066713
1 0.309766 0.525017 0.091406 0.198054
1 0.410352 0.513204 0.087891 0.161918
1 0.521875 0.517721 0.082031 0.183461
1 0.629297 0.527450 0.084375 0.214038
1 0.750391 0.506254 0.058594 0.195274
0 0.784570 0.389854 0.010547 0.018068
1 0.785742 0.434677 0.023047 0.060459
1 0.814648 0.415219 0.012109 0.039611
0 0.816211 0.389159 0.008203 0.012509
1 0.867969 0.419736 0.015625 0.030577
0 0.861133 0.394024 0.008203 0.011119
0 0.969727 0.512161 0.025391 0.051425
