1 0.119403 0.803812 0.044776 0.051570
1 0.228358 0.568386 0.038806 0.042601
1 0.502985 0.521300 0.038806 0.042601
1 0.541791 0.623318 0.041791 0.049327
1 0.613433 0.517937 0.044776 0.044843
1 0.689552 0.293722 0.050746 0.044843
1 0.850746 0.470852 0.044776 0.044843
0 0.105970 0.908072 0.065672 0.143498
0 0.214179 0.681614 0.064179 0.147982
0 0.512687 0.627803 0.064179 0.134529
0 0.567164 0.706278 0.083582 0.112108
0 0.662687 0.597534 0.068657 0.109865
0 0.699254 0.408072 0.052239 0.130045
0 0.863433 0.584081 0.082090 0.136771
