0 0.120149 0.803812 0.046269 0.051570
0 0.226866 0.569507 0.047761 0.040359
0 0.502985 0.516816 0.047761 0.047085
0 0.541045 0.623318 0.037313 0.040359
0 0.614925 0.516816 0.044776 0.042601
0 0.690299 0.294843 0.046269 0.047085
0 0.851493 0.470852 0.052239 0.044843
1 0.105970 0.911435 0.071642 0.150224
1 0.217910 0.674888 0.071642 0.134529
1 0.513433 0.628924 0.062687 0.123318
1 0.568657 0.710762 0.095522 0.156951
1 0.699254 0.405830 0.058209 0.143498
1 0.664925 0.593049 0.082090 0.109865
1 0.867910 0.565022 0.085075 0.103139
