0 0.301953 0.347811 0.041406 0.056289
0 0.412695 0.353718 0.043359 0.054204
0 0.522852 0.355455 0.035547 0.038221
0 0.570312 0.382557 0.048438 0.085476
0 0.652734 0.361015 0.045312 0.078527
0 0.754687 0.347116 0.043750 0.067408
1 0.308984 0.517026 0.083594 0.190410
1 0.412695 0.504170 0.082422 0.174427
1 0.523242 0.504170 0.095703 0.146630
1 0.622852 0.529187 0.073828 0.210563
1 0.756250 0.498263 0.059375 0.201529
1 0.788672 0.439194 0.024219 0.052814
1 0.814844 0.413134 0.010937 0.035441
1 0.867773 0.420778 0.016797 0.036831
0 0.785156 0.386727 0.009375 0.014593
0 0.816016 0.386379 0.005469 0.008339
0 0.863086 0.394024 0.011328 0.006949
0 0.968555 0.514246 0.026172 0.037526
