0 0.038750 0.682500 0.029167 0.037500
0 0.129167 0.670000 0.031667 0.035000
0 0.306667 0.692500 0.023333 0.035000
0 0.318333 0.720625 0.031667 0.031250
0 0.392917 0.710625 0.020833 0.046250
0 0.318750 0.452500 0.034167 0.050000
0 0.555833 0.458750 0.033333 0.045000
0 0.623750 0.645000 0.039167 0.045000
0 0.930417 0.270000 0.035833 0.047500
1 0.284583 0.518125 0.057500 0.106250
1 0.364583 0.724375 0.039167 0.126250
1 0.537083 0.549375 0.065833 0.138750
1 0.604583 0.720000 0.052500 0.120000
1 0.954583 0.360000 0.062500 0.142500
1 0.020833 0.730000 0.016667 0.050000
1 0.139167 0.723750 0.040000 0.047500
