1 0.309570 0.521543 0.090234 0.192495
1 0.412695 0.512509 0.083203 0.179986
1 0.525391 0.511466 0.112500 0.182071
1 0.628711 0.527102 0.091016 0.210563
1 0.747656 0.496873 0.067969 0.201529
1 0.787500 0.438151 0.023438 0.054899
1 0.814258 0.416956 0.012109 0.036136
1 0.868359 0.420431 0.016406 0.027797
1 0.934961 0.539263 0.039453 0.047255
1 0.534180 0.237665 0.006641 0.019458
0 0.300586 0.349896 0.042578 0.056289
0 0.408984 0.350938 0.038281 0.052814
0 0.521094 0.351981 0.037500 0.038221
0 0.572656 0.381515 0.050781 0.080612
0 0.653125 0.357192 0.044531 0.070883
0 0.750781 0.351286 0.035156 0.066018
0 0.968945 0.516331 0.030859 0.050035
0 0.784570 0.388812 0.011328 0.014593
0 0.816992 0.388812 0.009766 0.014593
0 0.862109 0.396456 0.010156 0.011814
0 0.533789 0.220292 0.005078 0.006949
